                                                           (17777, 18426, 18440, 19709, 19953, 19986, 20551, 20844, 20846, 20856, 20857, 20858, 20916, 20948, 20982, 21011
                                                             , 21012, 21017, 21018, 21019, 21022, 21023, 21038, 21041, 21054, 21143, 21200, 21202, 21203, 21219, 21220, 21230
                                                             , 21231, 21233, 21258, 21282, 21302, 21327, 21335, 21366, 21386, 21398, 21519, 21538, 21540, 21555, 21599, 21626
                                                             , 21627, 21683, 21690, 21715, 21794, 21952, 21985, 21986, 22031, 22034, 22036, 22082, 22092, 22093, 22096, 22097
                                                             , 22132, 22134, 22137, 22145, 22146, 22147, 22155, 22161, 22171, 22172, 22175, 22192, 22200, 22229, 22298, 22324
                                                             , 22353, 22386, 22413, 22421, 22547, 22548, 22706, 22762, 22781, 22782, 22812, 22875, 22892, 22895, 22905, 22907
                                                             , 22914, 22963, 22972, 23032, 23117, 23199, 23213, 23214, 23224, 23254, 23361, 23446, 23485, 23493, 23534, 23538
                                                             , 23542, 23550, 23551, 23553, 23555, 23557, 23563, 23603, 23609, 23614, 23670, 23688, 23689, 23703, 23729, 23753
                                                             , 23756, 23758, 23786, 23896, 23913, 23952, 23964, 23976, 23983, 23984, 24000, 24003, 24007, 24022, 24034, 24036
                                                             , 24048, 24053, 24055, 24059, 24062, 24065, 24100, 24103, 24107, 24111, 24115, 24124, 24126, 24127, 24158, 24163
                                                             , 24164, 24167, 24176, 24194, 24209, 24214, 24215, 24281, 24300, 24301, 24318, 24326, 24328, 24332, 24333, 24348
                                                             , 24368, 24370, 24374, 24401, 24415, 24450, 24474, 24484, 24504, 24523, 24525, 24535, 24540, 24549, 24600, 24607
                                                             , 24618, 24619, 24670, 24745, 24753, 24761, 24765, 24767, 24778, 24814, 24834, 24844, 24858, 24865, 24884, 24886
                                                             , 24889, 24901, 24902, 24903, 24909, 24928, 24953, 25000, 25015, 25020, 25021, 25039, 25053, 25059, 25062, 25140
                                                             , 25181, 25194, 25214, 25263, 25285, 25318, 25320, 25352, 25359, 25360, 25361, 25362, 25383, 25391, 25395, 25398
                                                             , 25399, 25400, 25401, 25402, 25412, 25414, 25431, 25447, 25472, 25474, 25498, 25507, 25521, 25550, 25554, 25607
                                                             , 25610, 25616, 25619, 25632, 25633, 25634, 25641, 25654, 25660, 25720, 25725, 25732, 25791, 25806, 25811, 25821
                                                             , 25826, 25827, 25832, 25857, 25858, 25859, 25861, 25883, 25892, 25893, 25894, 25897, 25916, 25951, 25969, 26001
                                                             , 26012, 26017, 26026, 26028, 26037, 26123, 26124, 26125, 26154, 26158, 26169, 26171, 26202, 26203, 26212, 26224
                                                             , 26228, 26230, 26242, 26246, 26251, 26283, 26284, 26285, 26286, 26287, 26288, 26292, 26293, 26296, 26297, 26302
                                                             , 26310, 26311, 26313, 26322, 26335, 26340, 26341, 26344, 26445, 26448, 26455, 26465, 26474, 26503, 26505, 26506
                                                             , 26520, 26525, 26527, 26539, 26544, 26546, 26592, 26594, 26595, 26596, 26606, 26614, 26642, 26643, 26660, 26661
                                                             , 26662, 26684, 26688, 26692, 26701, 26719, 26736, 26743, 26744, 26748, 26756, 26757, 26759, 26760, 26761, 26849
                                                             , 26855, 26860, 26869, 26870, 26883, 26891, 26892, 26893, 26896, 26898, 26899, 26900, 26901, 26902, 26926, 26929
                                                             , 26949, 26950, 26960, 26964, 26968, 26969, 26986, 27011, 27014, 27023, 27026, 27029, 27040, 27061, 27063, 27064
                                                             , 27065, 27072, 27080, 27082, 27096, 27126, 27129, 27130, 27131, 27149, 27151, 27166, 27171, 27258, 27267, 27274
                                                             , 27277, 27297, 27298, 27344, 27348, 27355, 27360, 27374, 27376, 27378, 27382, 27387, 27390, 27392, 27393, 27394
                                                             , 27395, 27396, 27397, 27402, 27404, 27405, 27409, 27416, 27420, 27421, 27422, 27424, 27430, 27431, 27464, 27469
                                                             , 27481, 27483, 27488, 27490, 27494, 27499, 27520, 27531, 27639, 27645, 27654, 27655, 27665, 27666, 27670, 27671
                                                             , 27693, 27700, 27704, 27715, 27716, 27721, 27734, 27735, 27739, 27766, 27786, 27788, 27795, 27803, 27840, 27850
                                                             , 27853, 27864, 27946, 27951, 27955, 27960, 27962, 27969, 27997, 28000, 28006, 28009, 28012, 28038, 28051, 28053
                                                             , 28062, 28063, 28091, 28095, 28104, 28107, 28112, 28115, 28116, 28117, 28118, 28119, 28124, 28128, 28134, 28155
                                                             , 28156, 28168, 28173, 28180, 28191, 28192, 28194, 28196, 28202, 28208, 28209, 28243, 28247, 28256, 28262, 28267
                                                             , 28268, 28269, 28357, 28364, 28365, 28378, 28379, 28387, 28398, 28402, 28463, 28475, 28479, 28483, 28491, 28492
                                                             , 28493, 28496, 28499, 28509, 28510, 28515, 28534, 28556, 28559, 28562, 28565, 28566, 28568, 28569, 28578, 28616
                                                             , 28641, 28674, 28682, 28683, 28695, 28709, 28731, 28747, 28748, 28751, 28777, 28785, 28843, 28844, 28849, 28852
                                                             , 28857, 28867, 28884, 28885, 28922, 28926, 28948, 28954, 28955, 28979, 28980, 28988, 29003, 29022, 29032, 29034
                                                             , 29050, 29051, 29052, 29056, 29062, 29063, 29084, 29087, 29109, 29119, 29120, 29135, 29207, 29298, 29301, 29326
                                                             , 29327, 29329, 29341, 29381, 29394, 29397, 29398, 29402, 29437, 29442, 29443, 29447, 29448, 29449, 29459, 29462
                                                             , 29464, 29465, 29475, 29477, 29480, 29486, 29515, 29534, 29602, 29604, 29605, 29606, 29608, 29610, 29611, 29618
                                                             , 29620, 29624, 29649, 29677, 29681, 29683, 29684, 29685, 29688, 29691, 29699, 29704, 29705, 29707, 29708, 29709
                                                             , 29712, 29713, 29714, 29716, 29717, 29720, 29721, 29763, 29767, 29768, 29771, 29778, 29792, 29794, 29795, 29800
                                                             , 29816, 29837, 29838, 29842, 29843, 29844, 29875, 29879, 29886, 29891, 29896, 29897, 29898, 29899, 29901, 29907
                                                             , 29920, 29932, 29935, 29962, 29989, 29999, 30010, 30051, 30061, 30093, 30094, 30108, 30125, 30142, 30156, 30167
                                                             , 30176, 30178, 30206, 30269, 30271, 30278, 30279, 30297, 30300, 30319, 30325, 30339, 30347, 30348, 30464, 30465
                                                             , 30466, 30494, 30541, 30542, 30555, 30556, 30559, 30572, 30573, 30585, 30609, 30611, 30614, 30629, 30653, 30654
                                                             , 30655, 30660, 30667, 30706, 30707, 30710, 30721, 30729, 30731, 30743, 30746, 30747, 30749, 30808, 30833, 30837
                                                             , 30839, 30842, 30844, 30846, 30890, 30899, 30915, 30916, 30932, 30966, 30968, 30969, 30972, 30978, 30979, 30986
                                                             , 30997, 31023, 31024, 31065, 31106, 31109, 31121, 31124, 31125, 31151, 31154, 31162, 31182, 31183, 31185, 31189
                                                             , 31202, 31215, 31217, 31252, 31267, 31269, 31324, 31335, 31343, 31365, 31383, 31473, 31475, 31490, 31491, 31493
                                                             , 31500, 31520, 31530, 31533, 31557, 31560, 31572, 31625, 31626, 31637, 31642, 31656, 31665, 31693, 31694, 31697
                                                             , 31707, 31710, 31713, 31720, 31723, 31725, 31732, 31741, 31748, 31755, 31786, 31802, 31803, 31804, 31812, 31813
                                                             , 31814, 31817, 31892, 31897, 31917, 31932, 31944, 31966, 31968, 31985, 32006, 32007, 32020, 32057, 32065, 32068
                                                             , 32084, 32100, 32102, 32116, 32129, 32143, 32144, 32145, 32157, 32171, 32172, 32198, 32212, 32221, 32224, 32225
                                                             , 32229, 32325, 32327, 32328, 32333, 32341, 32354, 32357, 32371, 32387, 32401, 32403, 32405, 32406, 32407, 32413
                                                             , 32453, 32454, 32455, 32461, 32462, 32466, 32509, 32511, 32551, 32552, 32560, 32571, 32580, 32582, 32595, 32601
                                                             , 32605, 32606, 32611, 32626, 32641, 32654, 32662, 32698, 32747, 32753, 32754, 32759, 32763, 32765, 32771, 32789
                                                             , 32790, 32792, 32793, 32800, 32812, 32822, 32824, 32832, 32841, 32850, 32851, 32852, 32881, 32882, 32901, 32902
                                                             , 32903, 32917, 32923, 32924, 32925, 32934, 32935, 32952, 32954, 32959, 32961, 32975, 32983, 33003, 33028, 33029
                                                             , 33033, 33038, 33061, 33080, 33110, 33134, 33179, 33184, 33205, 33213, 33215, 33228, 33249, 33257, 33266, 33267
                                                             , 33271, 33281, 33283, 33285, 33287, 33298, 33301, 33314, 33328, 33334, 33343, 33344, 33350, 33356, 33372, 33373
                                                             , 33375, 33376, 33377, 33389, 33400, 33406, 33412, 33415, 33440, 33457, 33469, 33496, 33499, 33501, 33574, 33578
                                                             , 33582, 33583, 33586, 33589, 33607, 33619, 33620, 33622, 33629, 33631, 33660, 33662, 33674, 33711, 33734, 33739
                                                             , 33741, 33742, 33745, 33747, 33749, 33753, 33768, 33770, 33825, 33831, 33833, 33835, 33869, 33891, 33893, 33894
                                                             , 33925, 33967, 33980, 33993, 33996, 34007, 34008, 34009, 34035, 34045, 34055, 34056, 34071, 34079, 34093, 34097
                                                             , 34138, 34177, 34181, 34214, 34232, 34258, 34281, 34302, 34309, 34313, 34329, 34330, 34334, 34338, 34343, 34346
                                                             , 34368, 34394, 34400, 34404, 34406, 34407, 34408, 34412, 34420, 34429, 34436, 34447, 34448, 34468, 34469, 34471
                                                             , 34480, 34490, 34495, 34496, 34500, 34538, 34540, 34542, 34557, 34562, 34564, 34590, 34591, 34604, 34608, 34621
                                                             , 34624, 34626, 34643, 34648, 34651, 34698, 34699, 34700, 34701, 34702, 34704, 34717, 34720, 34721, 34725, 34730
                                                             , 34741, 34745, 34752, 34753, 34761, 34768, 34784, 34822, 34842, 34844, 34845, 34847, 34849, 34882, 34884, 34887
                                                             , 34889, 34905, 34906, 34907, 34909, 34910, 34912, 34924, 34925, 34926, 34933, 34938, 34944, 34947, 35042, 35043
                                                             , 35045, 35051, 35055, 35094, 35097, 35112, 35121, 35135, 35158, 35168, 35169, 35173, 35176, 35177, 35178, 35181
                                                             , 35182, 35192, 35195, 35244, 35246, 35249, 35250, 35253, 35254, 35256, 35257, 35273, 35277, 35278, 35296, 35300
                                                             , 35305, 35306, 35307, 35309, 35310, 35311, 35315, 35369, 35402, 35403, 35405, 35406, 35428, 35435, 35442, 35443
                                                             , 35448, 35473, 35476, 35482, 35502, 35506, 35560, 35561, 35569, 35581, 35583, 35586, 35587, 35623, 35631, 35640
                                                             , 35667, 35672, 35686, 35687, 35690, 35692, 35693, 35695, 35696, 35697, 35700, 35708, 35776, 35777, 35778, 35779
                                                             , 35780, 35787, 35790, 35798, 35799, 35802, 35806, 35807, 35808, 35817, 35818, 35821, 35831, 35832, 35833, 35834
                                                             , 35835, 35836, 35837, 35844, 35852, 35860, 35867, 35876, 35881, 35890, 35902, 35906, 35912, 35916, 35918, 35919
                                                             , 35920, 35922, 35939, 35943, 35968, 35971, 35978, 35979, 35981, 35998, 36007, 36026, 36033, 36041, 36051, 36069
                                                             , 36100, 36118, 36132, 36150, 36163, 36165, 36166, 36173, 36174, 36184, 36209, 36212, 36220, 36222, 36223, 36224
                                                             , 36228, 36239, 36240, 36249, 36250, 36256, 36268, 36280, 36284, 36303, 36309, 36310, 36312, 36340, 36348, 36351
                                                             , 36364, 36381, 36383, 36387, 36404, 36408, 36428, 36439, 36445, 36447, 36449, 36454, 36462, 36535, 36578, 36600
                                                             , 36613, 36619, 36636, 36637, 36642, 36663, 36670, 36671, 36672, 36674, 36682, 36688, 36691, 36699, 36709, 36710
                                                             , 36713, 36715, 36716, 36719, 36720, 36768, 36786, 36792, 36795, 36797, 36799, 36809, 36832, 36854, 36863, 36869
                                                             , 36875, 36878, 36944, 36945, 36948, 36951, 36961, 36974, 36981, 36984, 36986, 36990, 36994, 36995, 36997, 37002
                                                             , 37004, 37030, 37032, 37035, 37047, 37061, 37063, 37071, 37094, 37099, 37106, 37121, 37122, 37131, 37142, 37146
                                                             , 37152, 37153, 37155, 37156, 37157, 37158, 37160, 37165, 37167, 37179, 37184, 37191, 37200, 37201, 37202, 37203
                                                             , 37210, 37213, 37214, 37216, 37217, 37223, 37232, 37237, 37309, 37317, 37319, 37321, 37325, 37334, 37358, 37369
                                                             , 37371, 37382, 37385, 37387, 37401, 37415, 37416, 37425, 37426, 37435, 37436, 37438, 37439, 37446, 37448, 37449
                                                             , 37458, 37461, 37462, 37463, 37464, 37465, 37466, 37476, 37484, 37493, 37509, 37510, 37516, 37518, 37531, 37533
                                                             , 37538, 37548, 37569, 37572, 37578, 37589, 37594, 37596, 37599, 37603, 37606, 37610, 37611, 37619, 37626, 37656
                                                             , 37686, 37715, 37716, 37719, 37722, 37746, 37757, 37759, 37762, 37781, 37783, 37791, 37792, 37797, 37806, 37810
                                                             , 37819, 37827, 37838, 37841, 37846, 37862, 37871, 37877, 37878, 37884, 37889, 37894, 37895, 37900, 37925, 37942
                                                             , 37950, 37951, 37952, 37958, 37959, 37965, 37968, 37973, 37974, 37975, 37976, 37978, 37979, 37980, 37981, 37986
                                                             , 38003, 38013, 38015, 38017, 38045, 38048, 38049, 38052, 38089, 38096, 38116, 38132, 38149, 38157, 38158, 38163
                                                             , 38170, 38171, 38172, 38173, 38178, 38179, 38180, 38207, 38213, 38239, 38247, 38252, 38267, 38281, 38298, 38306
                                                             , 38309, 38323, 38324, 38326, 38331, 38332, 38341, 38344, 38360, 38362, 38368, 38370, 38372, 38382, 38391, 38396
                                                             , 38400, 38402, 38421, 38422, 38424, 38425, 38426, 38427, 38437, 38439, 38441, 38444, 38445, 38447, 38451, 38452
                                                             , 38457, 38460, 38468, 38469, 38528, 38538, 38550, 38557, 38559, 38563, 38567, 38569, 38574, 38580, 38588, 38591
                                                             , 38608, 38616, 38620, 38621, 38629, 38630, 38631, 38632, 38639, 38640, 38645, 38663, 38679, 38684, 38688, 38692
                                                             , 38694, 38699, 38705, 38706, 38711, 38714, 38727, 38728, 38729, 38754, 38755, 38756, 38760, 38766, 38767, 38770
                                                             , 38771, 38799, 38809, 38810, 38812, 38819, 38823, 38832, 38835, 38836, 38839, 38846, 38848, 38850, 38851, 38852
                                                             , 38857, 38913, 38914, 38918, 38929, 38944, 38952, 38955, 38959, 38966, 38971, 38978, 38979, 38980, 38982, 38996
                                                             , 39003, 39005, 39008, 39011, 39020, 39022, 39024, 39025, 39027, 39030, 39031, 39033, 39034, 39037, 39059, 39063
                                                             , 39065, 39067, 39068, 39086, 39091, 39096, 39110, 39118, 39124, 39127, 39128, 39132, 39138, 39150, 39151, 39155
                                                             , 39156, 39157, 39171, 39175, 39177, 39189, 39196, 39200, 39204, 39210, 39212, 39216, 39217, 39219, 39221, 39224
                                                             , 39235, 39236, 39241, 39301, 39306, 39310, 39316, 39320, 39322, 39325, 39345, 39355, 39357, 39365, 39366, 39368
                                                             , 39370, 39374, 39375, 39376, 39384, 39385, 39386, 39388, 39396, 39431, 39434, 39437, 39448, 39454, 39459, 39461
                                                             , 39462, 39472, 39486, 39493, 39494, 39496, 39498, 39500, 39512, 39513, 39515, 39527, 39531, 39574, 39576, 39579
                                                             , 39584, 39585, 39601, 39633, 39647, 39659, 39669, 39671, 39676, 39679, 39680, 39696, 39697, 39708, 39722, 39726
                                                             , 39737, 39738, 39740, 39741, 39745, 39746, 39750, 39754, 39760, 39761, 39764, 39766, 39770, 39776, 39802, 39805
                                                             , 39807, 39808, 39810, 39812, 39816, 39821, 39822, 39824, 39827, 39831, 39832, 39833, 39835, 39840, 39841, 39842
                                                             , 39849, 39857, 39868, 39876, 39882, 39894, 39897, 39904, 39908, 39909, 39910, 39912, 39913, 39914, 39916, 39924
                                                             , 39925, 39931, 39938, 39942, 39947, 39950, 39972, 39973, 39976, 39984, 39988, 39990, 39994, 39996, 39999, 40004
                                                             , 40060, 40063, 40067, 40068, 40070, 40073, 40076, 40090, 40101, 40105, 40120, 40121, 40122, 40126, 40131, 40143
                                                             , 40148, 40150, 40151, 40152, 40156, 40157, 40160, 40164, 40167, 40169, 40174, 40175, 40179, 40183, 40227, 40235
                                                             , 40239, 40240, 40246, 40248, 40250, 40251, 40253, 40258, 40260, 40265, 40266, 40268, 40285, 40291, 40295, 40296
                                                             , 40299, 40303, 40305, 40308, 40309, 40310, 40317, 40320, 40323, 40332, 40340, 40342, 40344, 40360, 40365, 40367
                                                             , 40368, 40377, 40379, 40382, 40386, 40387, 40406, 40407, 40408, 40409, 40435, 40447, 40463, 40471, 40482, 40486
                                                             , 40501, 40505, 40506, 40510, 40513, 40515, 40518, 40519, 40520, 40521, 40523, 40527, 40530, 40535, 40548, 40562
                                                             , 40569, 40572, 40579, 40581, 40588, 40608, 40610, 40611, 40624, 40633, 40636, 40637, 40639, 40644, 40646, 40647
                                                             , 40648, 40649, 40651, 40688, 40693, 40695, 40696, 40704, 40710, 40717, 40720, 40721, 40722, 40724, 40734, 40735
                                                             , 40741, 40754, 40765, 40766, 40767, 40777, 40778, 40779, 40781, 40792, 40795, 40796, 40801, 40810, 40828, 40830
                                                             , 40836, 40872, 40880, 40884, 40892, 40904, 40905, 40907, 40910, 40911, 40912, 40914, 40916, 40919, 40924, 40940
                                                             , 40942, 40946, 40947, 40951, 40954, 40959, 40964, 40965, 40967, 40976, 40980, 40982, 40988, 40994, 41000, 41001
                                                             , 41002, 41003, 41005, 41007, 41021, 41022, 41024, 41039, 41041, 41042, 41045, 41049, 41054, 41055, 41057, 41064
                                                             , 41067, 41088, 41105, 41114, 41116, 41120, 41126, 41127, 41131, 41151, 41172, 41176, 41177, 41192, 41193, 41201
                                                             , 41264, 41268, 41292, 41293, 41294, 41305, 41306, 41313, 41320, 41321, 41330, 41340, 41348, 41354, 41360, 41375
                                                             , 41376, 41389, 41391, 41393, 41394, 41410, 41411, 41415, 41421, 41426, 41427, 41444, 41450, 41453, 41459, 41467
                                                             , 41480, 41486, 41495, 41496, 41498, 41502, 41511, 41514, 41515, 41516, 41517, 41518, 41519, 41548, 41565, 41584
                                                             , 41585, 41606, 41613, 41634, 41637, 41662, 41672, 41682, 41683, 41688, 41707, 41708, 41719, 41740, 41743, 41744
                                                             , 41748, 41752, 41753, 41757, 41759, 41769, 41779, 41780, 41786, 41794, 41796, 41799, 41803, 41830, 41832, 41842
                                                             , 41843, 41850, 41868, 41873, 41874, 41881, 41883, 41916, 41921, 41924, 41938, 41942, 41943, 42008, 42012, 42017
                                                             , 42025, 42030, 42037, 42042, 42050, 42055, 42063, 42078, 42082, 42092, 42093, 42102, 42105, 42110, 42116, 42122
                                                             , 42123, 42140, 42147, 42162, 42163, 42178, 42180, 42187, 42210, 42211, 42220, 42228, 42230, 42232, 42233, 42235
                                                             , 42243, 42278, 42281, 42282, 42284, 42288, 42292, 42298, 42314, 42322, 42366, 42386, 42405, 42413, 42414, 42422
                                                             , 42423, 42426, 42435, 42440, 42454, 42460, 42473, 42481, 42485, 42492, 42530, 42532, 42600, 42601, 42606, 42607
                                                             , 42610, 42614, 42616, 42617, 42619, 42620, 42632, 42633, 42634, 42648, 42663, 42679, 42692, 42713, 42714, 42717
                                                             , 42726, 42760, 42766, 42827, 42831, 42843, 42844, 42849, 42852, 42857, 42858, 42860, 42894, 42896, 42898, 42907
                                                             , 42911, 42919, 42922, 42925, 42934, 42944, 42945, 42948, 42950, 42954, 42957, 42962, 42974, 42978, 42981, 42983
                                                             , 42984, 42986, 42987, 42988, 42989, 42990, 42991, 43012, 43021, 43039, 43051, 43080, 43082, 43084, 43086, 43087
                                                             , 43092, 43093, 43119, 43164, 43167, 43168, 43172, 43179, 43180, 43181, 43184, 43185, 43186, 43187, 43188, 43189
                                                             , 43196, 43197, 43199, 43201, 43206, 43210, 43211, 43212, 43214, 43233, 43236, 43239, 43240, 43241, 43243, 43244
                                                             , 43249, 43258, 43264, 43266, 43267, 43301, 43305, 43306, 43307, 43308, 43311, 43313, 43321, 43326, 43334, 43341
                                                             , 43342, 43356, 43357, 43370, 43386, 43388, 43389, 43391, 43396, 43397, 43398, 43407, 43412, 43430, 43459, 43477
                                                             , 43498, 43509, 43547, 43566, 43575, 43585, 43586, 43592, 43646, 43647, 43649, 43672, 43679, 43691, 43694, 43696
                                                             , 43699, 43710, 43735, 43741, 43747, 43751, 43752, 43754, 43759, 43765, 43766, 43773, 43776, 43779, 43791, 43796
                                                             , 43806, 43835, 43836, 43854, 43855, 43859, 43861, 43881, 43889, 43892, 43923, 43924, 43932, 43933, 43999, 44003
                                                             , 44018, 44020, 44023, 44025, 44026, 44032, 44039, 44041, 44050, 44053, 44065, 44069, 44077, 44084, 44088, 44095
                                                             , 44098, 44103, 44125, 44139, 44141, 44144, 44145, 44152, 44159, 44161, 44178, 44184, 44186, 44193, 44197, 44208
                                                             , 44221, 44228, 44233, 44237, 44239, 44240, 44277, 44285, 44288, 44305, 44314, 44315, 44317, 44324, 44325, 44327
                                                             , 44330, 44337, 44346, 44347, 44350, 44352, 44353, 44387, 44388, 44389, 44394, 44397, 44399, 44400, 44401, 44402
                                                             , 44403, 44404, 44406, 44407, 44411, 44417, 44428, 44449, 44469, 44474, 44480, 44481, 44498, 44501, 44504, 44506
                                                             , 44508, 44538, 44544, 44586, 44587, 44613, 44623, 44626, 44661, 44663, 44676, 44684, 44688, 44689, 44690, 44695
                                                             , 44739, 44745, 44746, 44755, 44772, 44776, 44777, 44788, 44789, 44795, 44796, 44805, 44838, 44844, 44853, 44858
                                                             , 44859, 44860, 44866, 44872, 44889, 44948, 44949, 44951, 44956, 44957, 44964, 44967, 44968, 44984, 44991, 44993
                                                             , 44996, 45007, 45011, 45018, 45020, 45024, 45026, 45052, 45054, 45056, 45064, 45071, 45089, 45095, 45108, 45110
                                                             , 45127, 45128, 45129, 45137, 45138, 45140, 45144, 45155, 45173, 45187, 45193, 45198, 45205, 45207, 45222, 45251
                                                             , 45289, 45292, 45296, 45297, 45300, 45301, 45309, 45321, 45331, 45342, 45345, 45364, 45385, 45394, 45397, 45401
                                                             , 45402, 45425, 45440, 45470, 45472, 45477, 45486, 45494, 45495, 45496, 45497, 45498, 45504, 45541, 45542, 45544, 45549, 45557, 45558, 45581, 45588, 45589, 45608, 45611, 45614, 45637, 45642, 45651, 45654, 45662, 45663, 45672, 45677, 45689, 45690, 45696, 45716, 45719, 45730, 45734, 45766, 45767, 45776, 45777, 45779, 45787, 45794, 45795, 45804, 45805, 45806, 45809, 45819, 45847, 45855, 45872, 45887, 45892, 45893, 45896, 45912, 45913, 45915, 45929, 45936, 45950, 45954, 45960, 45961, 45971, 45980, 45993, 45999, 46001, 46013, 46026, 46032, 46059, 46060, 46061, 46096, 46102, 46103, 46105, 46107, 46108, 46116, 46118, 46121, 46129, 46131, 46149, 46187, 46194, 46205, 46215, 46221, 46226, 46227, 46238, 46241, 46242, 46247, 46248, 46249, 46258, 46264, 46266, 46269, 46270, 46271, 46280, 46286, 46289, 46297, 46303, 46304, 46308, 46310, 46314, 46325, 46334, 46337, 46338, 46340, 46355, 46363, 46366, 46369, 46384, 46385, 46387, 46388, 46407, 46410, 46433, 46434, 46441, 46449, 46453, 46471, 46476, 46491, 46495, 46503, 46522, 46539, 46554, 46573, 46579, 46583, 46586, 46587, 46611, 46619, 46626, 46632, 46641, 46645, 46647, 46648, 46659, 46660, 46661, 46662, 46668, 46674, 46678, 46681, 46682, 46695, 46726, 46732, 46737, 46742, 46750, 46754, 46755, 46757, 46761, 46782, 46783, 46785, 46786, 46788, 46790, 46792, 46795, 46796, 46802, 46807, 46810, 46815, 46817, 46820, 46838, 46841, 46848, 46859, 46876, 46878, 46890, 46906, 46907, 46909, 46912, 46918, 46929, 46930, 46933, 46937, 46945, 46947, 46950, 46952, 46955, 46956, 46958, 46962, 46970, 46974, 46976, 46979, 46981, 46985, 46999, 47002, 47003, 47005, 47024, 47025, 47030, 47031, 47032, 47033, 47034, 47040, 47044, 47045, 47046, 47047, 47048, 47056, 47058, 47060, 47061, 47064, 47066, 47069, 47080, 47089, 47091, 47093, 47097, 47113, 47114, 47136, 47144, 47149, 47156, 47160, 47163, 47165, 47167, 47184, 47187, 47188, 47193, 47195, 47196, 47198, 47210, 47211, 47214, 47235, 47236, 47252, 47255, 47256, 47265, 47285, 47286, 47287, 47288, 47289, 47312, 47314, 47321, 47323, 47328, 47329, 47330, 47340, 47349, 47350, 47351, 47359, 47361, 47362, 47363, 47364, 47365, 47367, 47368, 47369, 47373, 47374, 47376, 47383, 47384, 47390, 47391, 47392, 47398, 47403, 47414, 47418, 47423, 47429, 47454, 47463, 47464, 47467, 47471, 47472, 47476, 47479, 47480, 47481, 47482, 47483, 47487, 47488, 47489, 47498, 47499, 47500, 47501, 47502, 47504, 47509, 47512, 47515, 47516, 47517, 47522, 47523, 47525, 47528, 47529, 47537, 47538, 47550, 47578, 47579, 47581, 47582, 47583, 47585, 47586, 47587, 47588, 47589, 47597, 47613, 47615, 47616, 47633, 47638, 47639, 47641, 47646, 47647, 47648, 47649, 47651, 47652, 47653, 47654, 47666, 47669, 47671, 47674, 47675, 47689, 47703, 47704, 47705, 47706, 47708, 47709, 47710, 47711, 47712, 47718, 47719, 47731, 47732, 47733, 47760, 47761, 47763, 47764, 47766, 47767, 47771, 47772, 47773, 47774, 47775, 47776, 47777, 47778, 47779, 47780, 47781, 47782, 47783, 47786, 47787, 47788, 47789, 47790, 47792, 47802, 47804, 47822, 47823, 47828, 47835, 47838, 47855, 47860, 47861, 47878, 47883, 47885, 47891, 47901, 47902, 47911, 47936, 47942, 47944, 47950, 47955, 47956, 47961, 47963, 47964, 47965, 47966, 47967, 47971, 47978, 47984, 47989, 48007, 48009, 48010, 48014, 48018, 48026, 48031, 48044, 48045, 48046, 48049, 48052, 48062, 48064, 48067, 48071, 48073, 48074, 48075, 48077, 48083, 48084, 48106, 48111, 48113, 48117, 48118, 48119, 48128, 48161, 48163, 48180, 48182, 48193, 48198, 48222, 48224, 48227, 48230, 48231, 48233, 48242, 48244, 48246, 48248, 48261, 48268, 48279, 48282, 48286, 48293, 48294, 48296, 48303, 48304, 48305, 48306, 48309, 48311, 48312, 48313, 48316, 48317, 48318, 48319, 48320, 48321, 48330, 48331, 48334, 48339, 48343, 48356, 48358, 48359, 48368, 48377, 48394, 48410, 48426, 48427, 48430, 48432, 48436, 48442, 48458, 48464, 48465, 48466, 48467, 48468, 48469, 48470, 48472, 48474, 48476, 48477, 48483, 48486, 48501, 48505, 48511, 48517, 48525, 48526, 48532, 48533, 48534, 48535, 48536, 48537, 48538, 48539, 48541, 48545, 48549, 48556, 48559, 48560, 48570, 48571, 48572, 48575, 48581, 48582, 48590)